6.419185372522076882e+00 2.219537592658505698e+00
1.578491160265651949e+00 2.195670866030081658e+00
1.452216615256749499e+00 9.547063404645809992e-02
6.440232773726070725e+00 7.160590546036413317e-02
6.419185372522076882e+00 2.219537592658505698e+00


4.206691730180823346e-02 1.360362929404166188e+01
6.312774080195324156e-02 8.114433090049008257e+00
9.365697623922944359e+00 8.209896943929324564e+00
9.407793579377633719e+00 1.312630534041289465e+01
9.976050895870987034e+00 1.312630523544655148e+01
1.008128369097665811e+01 1.307857301753806567e+01
1.010232500381453313e+01 6.706338452912746995e+00
1.174395356605983665e+01 6.730204481655315263e+00
1.168082337125048120e+01 1.360362696612227218e+01
4.206691730180823346e-02 1.360362929404166188e+01
