-1.999259069181609672e+00 -6.862978024651533726e-01
-1.991104130753934554e+00 -9.714709427192159907e+00
1.401792812211049721e+01 -7.442893060044199594e+00
1.420279213328772805e+01 -7.257463480048079729e-01
-1.999259069181609672e+00 -6.862978024651533726e-01


-2.171713965020750425e+00 2.023605051599109217e+01
-2.176363612847822537e+00 1.266342416219197275e+01
-8.982501872153876299e-01 1.259448810684183151e+01
1.458429657425066850e+01 1.313645043612636520e+01
1.468033492225467640e+01 1.662606244560712909e+01
-2.171713965020750425e+00 2.023605051599109217e+01