3.960926852807162390e+00 3.629753014225206798e+00
4.022543813962665915e+00 -1.030031669021215457e+01
4.914414670342583058e+00 -1.031822840118319817e+01
5.662182697840215440e+00 3.289493928871795259e+00
3.960926852807162390e+00 3.629753014225206798e+00


-2.816635380139221878e-01 -5.228749002150242298e+00
4.514038369404337753e-02 -5.238242731836082022e+00
4.570977758435396804e-02 -4.892587621293716715e+00
-2.618133742364358585e-01 -4.883768373767026105e+00
-2.816635380139221878e-01 -5.228749002150242298e+00


-2.219004747539604083e-01 -2.180303533851258191e+00
8.258750888293474313e-02 -2.237758782953778613e+00
6.525770724012622259e-02 -1.870956542961778046e+00
-1.829747698127301980e-01 -1.839767523192772147e+00
-2.219004747539604083e-01 -2.180303533851258191e+00


-6.030999979255154964e-01 -7.105584800786718169e+00
-6.480580649462523990e-01 -9.569255483694348641e+00
-1.290599120915492115e-01 -9.634750792115713836e+00
-1.033065764097654549e-01 -7.162035749361482573e+00
-6.030999979255154964e-01 -7.105584800786718169e+00


-6.131599674830730429e+00 -9.896724674505836816e+00
-3.615434227174401105e+00 -9.916741606916124496e+00
-3.074613745759787964e+00 4.937699179221245238e+00
-5.071642572203589161e+00 5.335597180505755155e+00
-6.131599674830730429e+00 -9.896724674505836816e+00