-6.850180859566071476e-06 2.291129578054006632e+00
2.103868695770210254e-02 2.385863461200393026e-02
2.420343316710016790e+00 2.385909779662115024e-02
2.672902390215519564e+00 2.147933916946692889e+00
-6.850180859566071476e-06 2.291129578054006632e+00


1.052325633441654240e+01 1.004757934838364264e+01
1.052325632968427982e+01 9.808919472735276202e+00
1.088104707693640805e+01 9.832785449592183369e+00
1.086000056441658224e+01 1.011917729772456198e+01
1.062848890782281508e+01 1.011917730629648915e+01
1.052325633441654240e+01 1.004757934838364264e+01


4.209016978729625269e-02 1.133634327724830015e+01
-3.611008909237713285e-06 9.665723826049022804e+00
2.778137495124084477e+00 9.641857759596518918e+00
3.704184483657091409e+00 9.737321702293938230e+00
3.809417522089457275e+00 1.124087907874082859e+01
4.209016978729625269e-02 1.133634327724830015e+01


3.662092616902525410e+00 1.374680766164470747e+01
3.683139093002839370e+00 1.360361175418226942e+01
7.008488336149074627e+00 1.133634282606622179e+01
7.324186089372595632e+00 1.136020879222335722e+01
9.302558625702982198e+00 1.248190993159106377e+01
9.113140098321414584e+00 1.374680700915046927e+01
3.662092616902525410e+00 1.374680766164470747e+01